Output(prediction=tensor([[[17754.1016, 19105.8672, 19636.8047, 20639.1855, 21859.7246,
          22404.7422, 22102.6758],
         [17726.0977, 19193.3066, 19698.9004, 20578.4707, 21704.6035,
          22286.0234, 22090.8242],
         [17689.7949, 19210.1387, 19693.0234, 20534.7637, 21570.6367,
          22171.2402, 22060.4922],
         [17660.8086, 19204.7324, 19675.8633, 20503.3379, 21478.3633,
          22092.0254, 22034.3164],
         [17640.0391, 19193.2930, 19659.4277, 20480.1270, 21417.0508,
          22040.1699, 22014.3848],
         [17624.8711, 19180.7383, 19645.1230, 20461.6621, 21374.7266,
          22004.8027, 21998.3164]]]), 
          encoder_attention=tensor([[[[0.0271, 0.0452, 0.0608, 0.0625, 0.0634, 0.0617, 0.0586, 0.0500,
           0.0607, 0.0606, 0.0574, 0.0203, 0.0155, 0.0125, 0.0083, 0.0097,
           0.0187, 0.0504, 0.0225, 0.0416, 0.0551, 0.0466, 0.0385, 0.0521]],

         [[0.0271, 0.0452, 0.0606, 0.0623, 0.0632, 0.0616, 0.0585, 0.0499,
           0.0606, 0.0604, 0.0574, 0.0203, 0.0155, 0.0124, 0.0083, 0.0097,
           0.0187, 0.0504, 0.0225, 0.0416, 0.0549, 0.0466, 0.0385, 0.0520]],

         [[0.0270, 0.0451, 0.0604, 0.0622, 0.0631, 0.0615, 0.0584, 0.0499,
           0.0605, 0.0603, 0.0573, 0.0203, 0.0155, 0.0124, 0.0082, 0.0097,
           0.0187, 0.0503, 0.0225, 0.0416, 0.0547, 0.0465, 0.0385, 0.0519]],

         [[0.0270, 0.0450, 0.0603, 0.0620, 0.0629, 0.0614, 0.0583, 0.0498,
           0.0603, 0.0602, 0.0572, 0.0203, 0.0155, 0.0124, 0.0082, 0.0097,
           0.0187, 0.0502, 0.0225, 0.0415, 0.0546, 0.0465, 0.0384, 0.0518]],

         [[0.0269, 0.0450, 0.0602, 0.0619, 0.0628, 0.0613, 0.0582, 0.0497,
           0.0602, 0.0601, 0.0571, 0.0203, 0.0155, 0.0124, 0.0082, 0.0097,
           0.0187, 0.0501, 0.0224, 0.0414, 0.0545, 0.0464, 0.0384, 0.0517]],

         [[0.0268, 0.0449, 0.0601, 0.0618, 0.0627, 0.0612, 0.0581, 0.0497,
           0.0601, 0.0600, 0.0570, 0.0203, 0.0154, 0.0124, 0.0082, 0.0097,
           0.0186, 0.0500, 0.0224, 0.0414, 0.0544, 0.0463, 0.0383, 0.0516]]]]), 
           decoder_attention=tensor([[[[0.0000, 0.0000, 0.0000, 0.0000, 0.0000, 0.0000]],

         [[0.0018, 0.0000, 0.0000, 0.0000, 0.0000, 0.0000]],

         [[0.0017, 0.0017, 0.0000, 0.0000, 0.0000, 0.0000]],

         [[0.0017, 0.0017, 0.0017, 0.0000, 0.0000, 0.0000]],

         [[0.0017, 0.0017, 0.0017, 0.0017, 0.0000, 0.0000]],

         [[0.0017, 0.0017, 0.0017, 0.0017, 0.0017, 0.0000]]]]), 
         static_variables=tensor([[[0.8612, 0.1388]]]), 
         encoder_variables=tensor([[[[0.0094, 0.0323, 0.0395, 0.3370, 0.0602, 0.0198, 0.0347, 0.0562,
           0.0165, 0.0704, 0.0373, 0.2868]],

         [[0.0095, 0.0317, 0.0290, 0.4088, 0.0718, 0.0192, 0.0308, 0.0572,
           0.0179, 0.0636, 0.0302, 0.2303]],

         [[0.0087, 0.0328, 0.0194, 0.5178, 0.0877, 0.0197, 0.0233, 0.0546,
           0.0234, 0.0489, 0.0234, 0.1402]],

         [[0.0087, 0.0328, 0.0194, 0.5185, 0.0877, 0.0197, 0.0231, 0.0548,
           0.0233, 0.0483, 0.0234, 0.1403]],

         [[0.0083, 0.0327, 0.0191, 0.5308, 0.0856, 0.0196, 0.0230, 0.0536,
           0.0244, 0.0500, 0.0233, 0.1295]],

         [[0.0090, 0.0323, 0.0209, 0.4891, 0.0845, 0.0195, 0.0250, 0.0552,
           0.0220, 0.0524, 0.0250, 0.1650]],

         [[0.0087, 0.0319, 0.0244, 0.4647, 0.0763, 0.0191, 0.0283, 0.0559,
           0.0204, 0.0638, 0.0274, 0.1792]],

         [[0.0094, 0.0321, 0.0281, 0.4201, 0.0750, 0.0191, 0.0302, 0.0581,
           0.0180, 0.0644, 0.0293, 0.2164]],

         [[0.0087, 0.0326, 0.0212, 0.4950, 0.0845, 0.0195, 0.0252, 0.0555,
           0.0219, 0.0551, 0.0248, 0.1560]],

         [[0.0090, 0.0328, 0.0203, 0.4967, 0.0880, 0.0196, 0.0245, 0.0554,
           0.0224, 0.0511, 0.0242, 0.1560]],

         [[0.0093, 0.0322, 0.0224, 0.4631, 0.0830, 0.0195, 0.0265, 0.0560,
           0.0208, 0.0545, 0.0261, 0.1865]],

         [[0.0072, 0.0401, 0.0976, 0.2662, 0.0372, 0.0245, 0.0437, 0.0519,
           0.0189, 0.0730, 0.0590, 0.2807]],

         [[0.0062, 0.0458, 0.1500, 0.2637, 0.0296, 0.0284, 0.0551, 0.0509,
           0.0229, 0.0742, 0.0666, 0.2066]],

         [[0.0061, 0.0470, 0.1702, 0.2563, 0.0287, 0.0299, 0.0584, 0.0519,
           0.0233, 0.0746, 0.0664, 0.1873]],

         [[0.0054, 0.0484, 0.2220, 0.2726, 0.0246, 0.0347, 0.0612, 0.0503,
           0.0283, 0.0722, 0.0667, 0.1136]],

         [[0.0059, 0.0477, 0.1880, 0.2529, 0.0276, 0.0312, 0.0611, 0.0509,
           0.0247, 0.0734, 0.0678, 0.1688]],

         [[0.0088, 0.0357, 0.0662, 0.2645, 0.0506, 0.0217, 0.0373, 0.0557,
           0.0154, 0.0680, 0.0477, 0.3283]],

         [[0.0100, 0.0334, 0.0241, 0.4334, 0.0924, 0.0196, 0.0275, 0.0596,
           0.0185, 0.0558, 0.0260, 0.1996]],

         [[0.0097, 0.0335, 0.0482, 0.2862, 0.0618, 0.0204, 0.0355, 0.0570,
           0.0149, 0.0655, 0.0404, 0.3268]],

         [[0.0112, 0.0338, 0.0252, 0.3843, 0.0998, 0.0200, 0.0281, 0.0607,
           0.0172, 0.0504, 0.0270, 0.2421]],

         [[0.0095, 0.0349, 0.0190, 0.4821, 0.1067, 0.0204, 0.0243, 0.0574,
           0.0223, 0.0482, 0.0228, 0.1521]],

         [[0.0104, 0.0334, 0.0249, 0.4028, 0.0951, 0.0198, 0.0292, 0.0595,
           0.0178, 0.0558, 0.0270, 0.2243]],

         [[0.0099, 0.0326, 0.0295, 0.3645, 0.0807, 0.0194, 0.0335, 0.0576,
           0.0174, 0.0668, 0.0311, 0.2570]],

         [[0.0095, 0.0336, 0.0227, 0.4333, 0.0943, 0.0197, 0.0287, 0.0575,
           0.0201, 0.0596, 0.0262, 0.1948]]]]), decoder_variables=tensor([[[[0.0784, 0.8314, 0.0902]],

         [[0.0784, 0.8314, 0.0902]],
         [[0.0784, 0.8314, 0.0902]],

         [[0.0784, 0.8314, 0.0902]],

         [[0.0784, 0.8314, 0.0902]],

         [[0.0784, 0.8314, 0.0902]]]]), decoder_lengths=tensor([6]), encoder_lengths=tensor([24]))